-2.018345690206595827e+04
-2.019229247334452157e+04
-2.018312977044055151e+04
-2.019215625310202086e+04
-2.019218573885077421e+04
-2.018320787663542433e+04
-2.018307035298716073e+04
-2.018326985620372579e+04
-2.018312010072253179e+04
-2.018319763286911621e+04
-2.018313664830851485e+04
-2.019214449501933996e+04
-2.018328037746513291e+04
-2.018322809776530994e+04
-2.018319577924165787e+04
-2.018301341940968268e+04
-2.018303120970021700e+04
-2.018307489670933865e+04
-2.019207927573740380e+04
-2.018256098196570019e+04
-2.019229529195641953e+04
-2.018243182630544470e+04
-2.018293334775732001e+04
-2.018322327813004085e+04
-2.018292117646736006e+04
-2.018303383298289918e+04
-2.019156130324722471e+04
-2.019217291201376793e+04
-2.018288254233168846e+04
-2.018250269427010426e+04
-2.018496154694177676e+04
-2.019212795715644825e+04
