-8.400835021010154742e+04
-8.400818186345374852e+04
-8.400828849542033277e+04
-8.400877740641546552e+04
-8.400858992778164975e+04
-8.400838657551755023e+04
-8.400894989326607902e+04
-8.400889431116452033e+04
-8.400860731771438441e+04
-8.400879009026533458e+04
-8.400822559046196693e+04
-8.400850208526241477e+04
-8.400873963215913682e+04
-8.400823952449901844e+04
-8.400828347345530347e+04
-8.400808999688345648e+04
-8.400824105212431459e+04
-8.400867390482527844e+04
-8.400896086029078288e+04
-8.400824772023130208e+04
-8.400902857014790061e+04
-8.400873809102641826e+04
-8.400816860614473990e+04
-8.400812756768680993e+04
-8.400844779012656363e+04
-8.400839971194283862e+04
-8.400904575894826849e+04
-8.400857388116397487e+04
-8.400854149438877357e+04
-8.400874826045728696e+04
-8.400901971052424051e+04
-8.400885944628776633e+04
