582
1961
1957
3193
3818
2205
581
3779
3392
311
1451
1002
87
2095
3981
4007
2631
214
634
1990
3416
1363
1119
1327
1504
1037
2605
3343
2565
2785
2226
1955
1288
3957
3403
898
2039
3236
2809
1770
3842
2678
2855
3597
224
3295
3511
1487
531
538
3697
2284
3962
2212
1511
940
2765
799
410
641
142
2755
2318
31
2285
1875
1411
3921
775
1784
1473
2033
3378
2351
3968
2219
2432
3351
3947
485
3953
3637
1334
663
3721
3682
514
2096
2087
587
2620
352
527
868
882
3929
528
4010
3255
2486
3563
45
1733
3371
2342
3228
1972
33
1005
1571
939
2390
840
3863
2258
481
3226
302
2554
3572
465
1069
1914
3035
1032
3470
2215
2378
3704
1282
2137
1728
326
2231
3430
543
3916
1376
1490
1087
1642
1254
678
638
2886
2838
2895
2131
185
1310
914
2166
2232
2858
2727
3071
3015
2628
3810
3007
3912
88
3262
1888
378
1772
2805
2466
1129
3021
944
2078
2447
690
3439
1303
706
1284
1994
982
1364
3703
3541
1754
1
2374
917
217
3153
3178
3654
545
304
1694
1739
1791
1577
3388
530
70
2074
85
3500
2777
3254
3578
3892
117
4073
712
189
3260
2315
1078
598
2950
4058
3683
1300
704
2600
1446
2443
3385
3629
2209
3561
2969
3294
2522
1813
1343
3251
192
2194
1523
2175
1898
501
347
3288
2690
3680
3836
2065
965
651
1281
3025
3805
2377
42
3817
794
3326
3106
692
1657
572
567
2192
1270
621
1368
526
1548
1912
1544
3694
3570
1326
1852
3232
3543
3244
3073
3874
1269
2537
1139
1273
502
3411
3627
2118
958
566
248
170
536
3404
1150
1666
3117
2802
3998
3796
1887
2357
3100
3886
463
491
3004
675
1359
3728
3496
2234
453
3967
1794
2210
1738
599
499
2507
3869
2746
1174
979
918
2797
1742
896
2255
685
467
2877
668
1246
4045
1336
1509
842
2263
3638
2856
2615
2327
457
3775
1385
2416
2012
3732
2100
2531
1856
3118
39
517
1128
3915
3601
836
381
482
1525
3858
1471
1015
3340
3820
2567
615
2563
684
30
1507
1621
1432
3033
2013
4023
2566
253
900
3098
2959
3030
3239
4063
546
3870
308
1819
3202
2381
1555
408
1922
661
1934
1203
1101
569
3087
716
3518
1526
2103
4087
683
3245
3593
1239
34
3001
2543
3539
2124
49
1900
1232
2705
496
3097
1084
3069
2871
2606
2759
2368
22
3008
3696
2655
4000
1958
3828
3846
3265
910
1313
2677
1771
1319
1811
3602
1330
2102
1379
1248
867
520
4049
23
2478
2101
333
2030
2111
3079
202
2319
2583
452
1436
1464
1943
3479
2460
1493
2892
938
1897
3666
768
2821
3549
298
3941
3990
899
825
2464
2962
2796
1285
2626
562
1386
398
3882
521
289
3891
1317
1513
1496
3250
2355
1236
295
61
666
866
1923
2612
1808
2530
2216
148
3481
134
1357
1752
4019
1703
2088
3619
1969
817
3793
3876
1865
3140
576
1540
1082
2019
2910
3939
1271
3234
3198
3241
578
2411
2359
196
3719
2057
1220
3365
118
3189
1670
227
2337
2781
983
3063
1669
3334
927
2887
1983
2688
3328
1332
3488
735
226
748
17
1397
3841
3363
2448
182
418
2505
229
2347
3982
534
3122
1999
2041
2223
1283
276
1547
242
1098
2049
3053
3420
2836
3591
2128
3759
1237
1721
3497
1583
3514
346
558
2864
1009
480
4012
3093
533
124
1073
1431
2367
3607
3676
2604
2556
1818
3989
1917
2482
2160
3454
1118
3036
489
2430
891
3070
1489
3665
92
3320
1420
3235
1460
2664
3287
2592
776
1846
1601
1698
2075
2162
4083
154
3640
245
548
4068
1043
1185
541
1715
2793
635
1120
444
1018
1275
1590
2242
1422
3964
2408
436
296
500
3417
1696
2580
2297
1349
2178
2559
3409
3801
2172
3145
1095
443
2230
727
3177
3777
570
3311
173
3686
1798
3352
2164
2485
1114
2165
1746
2920
306
10
14
402
871
4
682
3816
2935
1695
1362
3022
3889
2682
1962
751
473
1116
1651
4091
1768
1373
3242
1358
991
2132
1410
961
3837
575
977
290
2790
2630
4021
1367
3252
249
4030
1692
3726
66
188
219
380
218
1620
3206
252
1618
1503
3574
596
2578
654
472
15
1762
841
3394
2249
3490
3424
3390
4018
2052
1059
234
3428
1825
36
2300
1341
3515
2545
2112
1927
688
317
1351
3812
773
1494
620
1140
2473
177
1916
64
1465
3379
1157
3426
4079
3222
1662
399
3075
3931
2657
758
1702
2415
1519
2151
461
2883
1161
2713
3199
788
1427
2923
386
1256
1012
3233
2060
3271
3210
191
953
3049
2621
1475
2271
4059
2696
383
2761
2072
565
3400
2590
1567
720
1093
2331
1276
895
861
4086
3489
3827
1267
263
2438
1242
1311
962
71
971
3583
2978
169
2865
3919
3011
1042
3596
648
2835
2876
905
1953
1872
3763
159
3952
2849
1068
935
883
1240
553
2616
3399
1262
2462
559
1051
2699
3806
316
3752
2085
3839
1180
3656
2618
643
299
1225
2407
1928
156
195
616
1726
3677
3662
2270
2525
5
1191
2323
1366
989
3883
2806
2062
3784
2048
1474
3546
369
104
1062
2773
3042
879
3499
2946
1675
1412
3910
2754
1347
1991
3248
3832
1070
1127
3268
1077
1148
3076
3764
1789
713
1945
1328
2370
1170
1499
361
1478
1380
1495
3121
779
2905
890
3485
796
3504
951
4031
519
4013
1649
2689
936
351
3985
3979
3495
2704
2698
4076
1763
2992
57
1853
3895
3339
744
686
3569
677
2638
1764
725
2348
1850
3344
2933
2824
211
2947
3799
998
2287
4077
3648
2740
2054
322
1751
1377
2534
3267
3586
3257
405
3977
1388
458
2373
1115
955
924
2572
2244
3724
2644
1580
338
483
1593
2345
2308
719
3689
138
50
305
2200
2862
1021
2243
3944
3393
1989
2953
2949
1757
376
1390
2837
3620
1867
1869
2672
3475
793
2611
2299
628
422
330
1654
4016
1462
2979
3469
2369
1895
710
3038
3051
3139
3105
1013
493
1625
2487
3808
2063
175
981
1065
826
3435
1290
1992
1944
764
3756
1109
3658
1931
1047
864
674
1515
3382
1646
1414
3442
2533
427
1287
1615
923
240
2493
670
3119
3261
3920
3346
1023
728
3595
1044
366
3589
3293
2224
259
1160
3031
2452
3606
1680
3559
1894
385
3736
3275
3380
701
2
272
4085
3614
2549
2016
3184
2629
1861
2294
3141
2455
1094
3374
3746
1952
3272
3381
1936
2807
179
2034
2844
3179
3104
109
687
3185
1261
999
488
1259
2265
3048
2843
589
2330
2888
1280
3350
2204
3188
1052
3305
2123
3329
1266
1710
2140
3478
2143
1832
1535
1122
880
2480
3980
3625
2404
76
3550
2412
3571
2584
1277
3765
3345
1450
3783
9
3131
618
3954
1793
69
29
2203
3909
846
2198
2680
300
1976
2771
2833
2577
3353
2907
3760
158
874
3857
1691
1371
3984
1854
2954
1560
2926
349
2468
2653
547
1632
1428
228
37
2038
4029
2429
2955
235
1457
2044
3785
1223
137
1292
3512
353
446
3823
3039
2115
832
856
3009
1951
2126
2774
1014
1423
3914
1783
2268
1979
3437
3297
3423
2737
2420
1491
3830
2560
53
3014
3681
1501
791
3023
2506
3050
3714
2005
1732
149
1602
1581
4074
332
852
1036
503
320
2445
3630
1003
3717
3943
1151
3367
601
3636
98
1559
1790
40
3860
2240
113
934
454
3966
722
1108
4072
411
3308
3447
122
3555
2025
3406
1780
396
3041
1100
3584
1586
516
702
3519
3903
406
3766
652
2993
2433
2346
1110
4062
2552
3088
1815
2779
529
161
1775
2457
2361
3576
1530
2459
2972
1184
3609
3865
2439
711
1948
2523
2617
564
2666
44
3747
1804
3492
2624
3738
806
2174
4057
4053
1837
1137
1708
425
1907
2379
1824
3016
2654
1533
600
2632
3203
2180
1038
783
1268
3743
3211
3282
778
984
3158
3414
1760
745
2717
1855
2281
1171
1652
1299
847
3803
1697
3034
1569
82
1370
746
805
2183
995
2272
141
862
2918
1318
2104
3286
507
3715
4052
3871
1196
3988
121
2184
3973
2306
3545
2602
206
3787
3599
3950
1324
3312
2970
2975
4034
269
3986
2846
1355
850
135
3045
1424
849
2239
820
886
3357
414
3855
3663
1505
743
476
3524
456
2196
762
988
2939
789
2890
271
1997
1393
3899
2674
2070
3754
2017
672
2450
655
3621
2791
1572
1606
700
2769
2500
590
3169
3304
3664
314
119
3006
2301
3731
1396
3538
3180
3217
1197
2424
942
3708
3815
1182
831
215
1761
392
27
2637
752
2490
478
1965
1448
3592
3936
909
2248
3653
2840
619
1387
2747
2497
3588
2288
1382
132
283
2324
563
3901
921
3218
969
1212
394
913
1759
3164
3450
3908
2675
723
2841
413
4001
2235
1027
597
1338
2752
1061
1449
997
3054
3237
2718
1564
1587
653
2125
1467
3270
3111
1644
2569
2483
667
3772
878
241
1255
340
2909
2619
3472
1892
3684
2627
2201
3813
1687
3225
518
2715
1766
2010
766
2310
1168
474
4071
906
2484
3059
1643
838
268
1049
1736
3508
2927
107
3792
3434
1902
1081
574
731
1831
3659
238
2488
3092
2509
1939
1426
3692
3501
3183
2513
3771
980
1830
1476
1158
2866
1749
912
204
190
487
2142
438
244
609
2476
3513
3066
1183
2275
3375
2875
1774
108
1354
1079
1712
2094
3327
426
3862
3894
3804
3502
1713
1603
943
2872
2067
1296
3190
2066
3789
812
459
3983
933
303
2729
1138
676
1550
3769
1947
144
2542
2951
2436
3062
41
3907
1549
1264
3770
2148
2964
1663
3861
4043
2329
3840
1717
1949
2741
2597
3711
1826
1612
2000
390
4084
1058
187
3551
251
535
357
278
3866
1463
3040
1836
3868
232
610
2673
2929
2635
328
937
2307
781
2340
68
1700
993
1190
3802
1224
2181
2932
2707
2663
3336
2189
2788
3156
3887
2134
636
3017
784
522
2762
2047
2845
3212
2211
1083
1017
1403
3940
2250
4064
1374
2527
1244
2817
145
8
393
2828
80
162
3037
1982
1106
1444
3174
359
1419
486
1187
13
1231
2155
2792
379
4095
294
1610
2470
757
1063
3096
3995
3342
1055
3369
4014
345
966
2772
2823
59
2944
1573
2656
963
3598
1074
1878
3581
3238
3753
1673
3768
4036
3900
3826
440
2401
477
4080
3705
1117
715
1906
1835
2399
2658
3594
6
3302
1529
1372
125
3436
2601
2585
708
2529
3005
391
2667
220
985
2564
1238
1041
58
568
2510
813
3151
2252
2587
703
3657
261
3457
1091
2110
1293
2760
1173
3473
1136
1626
717
1748
1025
384
1554
588
2004
1477
3408
3935
3722
3077
1724
2031
2661
3027
855
3767
2668
4003
1737
3992
3679
1785
3880
1056
819
3463
2372
2708
3333
1693
455
52
1656
1806
2588
20
1418
415
1950
194
1213
2623
1086
3718
1217
1658
264
2441
3216
1454
3786
3527
1633
2501
3509
3776
318
1918
2795
579
629
3710
2553
48
1839
1756
3603
803
3373
3047
1735
2780
1886
223
585
3438
3230
360
1235
1647
3528
829
2911
3999
3707
689
2027
1599
964
468
1315
3338
1147
1686
286
1222
3978
1714
2768
1881
3086
1482
3585
3461
1230
97
1099
72
3547
3565
795
1767
3548
2106
285
557
3698
3897
1195
1829
4040
315
1604
1210
926
133
3018
3095
2108
2868
602
2213
1103
1399
203
1592
3824
949
3926
2385
1959
1980
996
3829
4055
1977
3716
1458
3937
11
1648
3849
344
2625
3971
2365
442
657
3084
157
2998
1636
3878
505
1245
2343
2570
18
1765
3094
200
2350
3888
1452
2952
646
254
1521
3946
772
47
3938
1974
2879
2518
1929
3112
2651
1199
3082
1485
1430
3285
2058
1553
1773
2902
1001
2465
897
2984
1637
2878
2293
1045
1211
1252
1010
2764
1627
1260
1885
128
3780
1054
2829
1257
1105
4024
3645
2551
3552
2055
1845
2906
1301
3850
3126
2161
2702
1263
3956
3961
3173
1030
2801
1857
1512
1709
354
1543
876
3553
884
490
3750
2278
2481
1142
822
3101
665
2302
3535
3405
139
2961
2539
250
342
2332
792
1000
441
1302
3838
2853
916
43
3821
3893
2277
270
2751
511
475
532
1323
893
267
233
3176
3932
2064
287
733
512
810
3044
2594
2709
1679
815
828
2519
279
3633
2574
3615
3534
2079
3834
2736
2193
3136
3120
2472
3124
3491
3905
2889
309
1827
2521
2409
1981
818
2254
1779
2188
2966
1539
1758
1538
1165
892
970
3410
3643
1188
3013
2382
3847
3170
77
1417
262
198
721
2434
2686
3391
3529
431
3319
3253
3667
3644
3934
106
2133
1226
1039
513
1725
2586
1678
3734
2475
633
2976
1964
1339
2901
3160
301
3444
1817
2643
3471
310
1322
2640
4051
1588
1753
1096
904
642
3668
3129
2891
3296
593
2491
260
3930
2743
2358
2396
2945
2312
4038
1570
3321
1840
3476
2001
3028
986
2082
2410
101
2406
2043
1486
3480
946
1901
1258
1683
2694
2158
1455
506
1453
2714
1205
2990
2109
1175
3748
2706
3790
3283
2622
2859
147
2756
3712
2073
1786
3761
4067
2722
1145
2241
3568
2190
312
2734
3429
1192
3580
3020
3532
2014
2973
152
3102
1611
2423
3723
1639
2090
3567
2053
55
3072
1677
987
1067
3975
3898
3227
1335
2692
1665
255
1279
2147
1801
2776
915
3798
2816
335
551
2114
1716
1942
2427
2029
718
2535
140
1880
1097
1029
3773
583
1841
4002
930
2921
3223
1628
102
1866
3448
1884
3402
3467
3987
2326
2144
2233
208
1193
724
3822
19
3960
54
1859
2295
1088
2931
3074
3274
2313
1537
2700
2815
750
2453
1126
2130
2170
3181
2896
2037
3848
1568
3996
3383
4011
2669
2728
3652
1146
2262
3161
2575
38
3407
2800
1076
2943
3536
339
1528
2363
2730
2207
293
2366
1676
3460
4090
2238
978
3965
2719
2168
1661
2928
2494
811
479
2794
974
1295
726
1421
3366
3702
3276
1008
3577
1228
2720
434
2724
2267
3948
2613
2320
2985
2113
2279
2316
3159
561
3884
205
1682
3306
1516
2803
2395
658
3856
2291
2456
89
644
760
1050
2225
823
1234
1893
2874
1520
3172
3201
143
785
2050
1864
2156
2968
4047
171
412
2971
416
2540
1294
2873
3628
364
2398
3440
740
73
3213
3642
1265
2208
2360
1988
4092
2426
2573
1492
2202
1216
3068
2099
3791
1998
2670
2356
631
3144
3879
2991
1080
1405
632
1456
2035
2526
1851
3401
1802
2229
178
498
3727
484
3358
2246
2650
3163
877
1166
1689
1340
4020
3330
759
2218
1597
1356
3520
1598
992
2093
2515
2735
3043
1843
2988
4015
319
184
2861
3778
2804
2940
2028
839
4088
539
1154
801
2245
2645
1135
210
2983
2512
65
863
3991
2784
3994
1132
3090
1026
2328
341
3127
875
1506
372
2259
2568
889
3540
2812
3061
1325
2402
3873
96
2697
2770
3774
129
2561
2119
1635
1985
3970
3579
3256
3418
370
1788
2504
2116
1820
994
881
737
231
377
3324
3080
432
1361
3517
1378
1591
1143
172
1876
814
3138
2266
948
16
2026
2020
4081
367
1406
3674
3825
2703
2842
4078
1848
3922
3135
1935
3003
1624
3263
542
2454
1459
1668
1903
552
362
549
2986
81
1730
3843
355
2083
2449
2725
554
693
3058
649
3323
3397
420
2641
3157
3525
1229
1089
2996
3137
2305
960
1164
371
3635
2914
1575
1484
2548
3673
1858
258
769
2061
2913
2018
3364
114
1816
1594
957
2289
3032
679
2325
56
3925
435
1057
155
2917
1016
60
2077
782
35
3446
1650
1060
358
1123
4026
3458
524
1200
3194
265
1585
1664
1968
1518
2810
3214
2919
2514
336
2596
3557
1156
887
494
580
3782
3065
3923
2479
1189
2652
3349
212
3917
1064
75
3284
1312
1031
3575
247
1595
3833
1500
1919
186
2885
2015
2716
2056
3924
1622
2941
1075
2848
3562
3259
1781
2422
1655
32
3507
1124
2948
445
3521
464
3671
4050
2179
1681
2314
1809
1946
3010
2581
243
1704
401
2032
1984
3266
4037
2936
2695
450
1227
3209
3175
2333
471
2981
3729
3542
1674
2808
3240
1787
1833
611
1407
2474
3974
3155
2819
3195
2122
3099
2869
3149
2857
2726
2321
1218
1776
1498
3573
3605
2097
1729
540
110
1631
510
1613
1995
3493
2045
2092
3162
1719
1607
3215
78
3389
2317
1996
2847
313
3019
1307
911
697
2386
466
1019
363
1842
3831
1344
1360
3482
2069
3376
4017
1524
1034
2733
2942
83
79
662
1439
3993
919
1440
3309
3613
3484
2253
2376
808
1510
3182
2576
656
1921
1442
3877
858
1803
3650
3335
2980
844
833
1614
213
2520
3604
131
439
4070
3494
2421
2524
1609
853
448
3655
3289
3749
3313
1727
103
3456
2832
523
1102
1821
1415
165
3506
907
2662
2397
3433
2419
1860
3055
2555
1741
2499
395
625
695
947
761
2739
2311
1383
2228
3526
2894
2831
1401
645
3800
3132
4004
1882
771
3690
51
2598
2541
2649
2822
3314
1375
1121
3739
1035
2451
2286
2145
3835
3631
111
183
2517
613
3103
3197
1706
1557
3955
1711
1178
2129
2532
397
1291
1630
3530
3171
1743
2136
2086
2994
3556
571
4093
3616
3147
2982
2309
3725
1534
3701
4082
1874
356
608
3554
239
3972
3452
2167
3280
3081
1814
2799
3196
374
3864
1937
1321
1125
3641
1527
3029
3307
729
2458
2495
1391
3670
1408
3737
2915
2264
382
3867
2589
1502
3247
3610
1320
3462
1233
2236
3459
681
3133
1274
2789
2364
123
2634
2922
660
1796
2579
2303
2710
1960
3590
230
901
3278
765
3325
3347
2428
3303
1745
2912
787
2149
3713
3229
421
3370
2925
4035
1873
2614
3758
2138
798
1870
2007
2571
626
495
3368
1616
1782
2206
1890
790
2557
4075
2414
3844
2276
2960
3301
417
742
2127
1214
492
1909
1169
2608
3000
1342
824
3387
3258
1481
3890
3881
3691
3415
1024
2461
592
3566
3819
3706
2508
1797
3449
127
3477
3741
2437
403
150
3951
2394
1437
1629
3322
2442
62
2336
2256
2544
2400
95
3109
959
2191
4048
1576
3231
2153
236
222
3845
2393
1810
120
1685
2636
4094
2380
3134
2639
193
2283
181
3685
389
968
3354
1545
669
3443
3945
1365
1394
331
614
1286
3078
266
3110
1932
2199
2593
1807
225
105
2413
1508
4027
630
2731
2068
870
2290
2098
1186
2963
2489
1891
1755
1926
707
3359
3464
2870
2349
2220
1688
284
1659
920
1433
3523
3316
734
1812
2392
2354
4054
922
1402
3853
167
2469
2273
3809
12
1546
617
1092
90
612
3720
1404
857
3377
3814
777
1638
1986
2352
3617
3885
28
1522
1066
1911
2538
74
515
1309
3143
2609
2227
2002
2157
1584
1517
116
2341
3148
1072
2691
1799
2820
3730
3422
1600
622
3699
3246
409
2684
1623
115
288
3859
3412
1181
337
3564
2687
3060
46
747
3755
3207
753
462
1938
673
2712
1201
3688
424
325
664
350
447
709
3089
1924
1722
1221
3451
1149
387
1369
1337
754
2186
451
1194
699
3205
2247
1608
830
3150
950
3067
3634
2444
1734
1413
1409
4069
4006
3632
1177
3582
2006
1253
2477
21
1305
2814
2440
2298
3315
3537
3107
671
3851
1941
845
694
3384
1353
1133
869
604
834
3355
627
902
2904
1747
3243
3310
2748
2051
3362
2757
4056
321
3192
696
1179
2778
624
3807
2173
1011
1480
1090
848
3522
780
605
174
1202
2269
2463
100
3318
1243
741
334
2908
3735
2882
1705
2881
3292
594
2987
1333
2214
3969
1551
3427
3317
1542
3487
327
1933
640
2152
2042
2863
1468
1838
3046
3123
3976
460
1046
1398
1562
1975
3290
2633
419
738
1879
1389
1438
3277
497
2750
375
975
1209
3618
404
2467
1425
3474
93
3204
1769
2221
2738
1849
827
428
1889
4044
3187
3811
2766
282
2899
3168
343
2683
2786
2547
3146
1113
1574
691
3432
0
1582
1707
1416
2021
3221
2003
1993
2974
1131
3744
2304
1247
3649
2375
2150
3395
2261
4089
1159
2900
246
4066
3687
2685
1671
929
3757
1461
3273
1971
365
2296
736
26
2884
3356
1441
3902
680
3600
1250
3
2182
837
2403
292
698
1048
3788
3200
2417
3852
3997
1667
1963
1249
2274
3441
1298
1868
2387
1443
2671
603
3516
1289
2502
63
1579
1883
990
1384
237
650
1967
112
3024
1348
804
1556
577
1834
126
3331
3056
3928
3660
3745
851
2742
2185
3057
3693
7
2550
854
2995
2679
3904
2977
3733
3483
407
4042
2405
3425
153
1566
2391
2353
1004
2660
3639
280
3797
4032
3128
400
1596
1497
2516
1479
3281
1800
2009
504
2582
3064
1744
903
2040
3669
1672
550
1862
3872
1805
3372
3700
1130
945
163
1660
1690
2384
2107
3166
3958
4025
1514
3398
449
2903
941
2834
3875
1532
1847
437
1314
3445
786
873
739
2867
3291
3505
1006
1844
586
1306
2989
348
2471
1028
1163
2511
3279
3208
3963
1541
2701
573
647
595
2938
1251
1558
3396
3348
1308
470
3498
800
281
932
732
2763
2880
2999
3742
1144
1617
3386
3085
3675
2503
584
2195
160
1111
2798
1915
3165
859
952
3751
1331
1219
1215
2676
3608
606
164
2154
1040
3647
1978
2665
3927
3612
329
2011
2528
2546
3949
1429
3794
2141
809
433
1107
2091
860
274
967
2758
3486
3623
4046
3413
2139
3695
1346
2813
885
556
908
1381
2117
2562
509
2388
221
1297
146
3361
1777
1053
1822
3186
2851
508
323
1561
176
2852
1908
168
3419
1400
4008
1392
2257
2177
2237
136
1470
3152
1278
1973
894
197
2338
1483
1792
2084
767
2280
2693
2081
1112
3959
2850
3116
865
2389
1085
1447
199
429
3611
3466
4065
1823
1795
2924
1970
730
2967
297
2121
3465
807
2595
3651
1565
2997
1172
3906
3913
821
2711
1241
1563
3896
4022
623
3740
3709
1445
1718
1162
2260
1640
3083
3911
2603
2775
4060
2749
1022
1750
291
2022
1740
2282
1007
3026
67
24
3453
216
2860
1910
2783
1153
3421
2159
166
4005
207
3510
3624
2322
2089
591
1176
1720
1863
525
2335
469
1350
2169
2811
1531
3300
928
1896
2721
1619
1469
1141
2934
1913
956
1488
25
1134
2197
925
3224
1552
2744
843
1645
2937
3533
2646
1020
2187
749
3332
3854
3052
2371
180
1272
2498
1434
607
3091
1352
2344
1904
3341
1899
3298
94
3587
770
637
1304
2334
3661
2536
2492
1208
1395
1578
1198
275
2854
1152
1206
2080
1104
307
2818
2059
872
3115
86
2826
3108
2753
3130
3113
2830
1435
2610
209
3220
2787
1966
2642
1987
2171
2782
931
3646
2146
2425
130
1723
2071
3455
954
555
2418
1930
1536
2431
201
2965
2023
368
973
3626
1634
2435
3933
816
1954
1316
3762
1905
256
3678
3269
3167
1472
1699
2217
1605
1329
560
1877
373
2957
2767
2839
3002
3299
1684
1167
3918
2024
1204
2916
972
1155
2036
4041
1071
3012
774
324
2251
84
2681
2956
1589
2659
2446
1920
91
3154
430
2827
3191
3942
2339
2105
4009
1345
257
888
4039
1466
3114
1641
388
2383
273
756
3560
3622
1925
3125
1956
4028
2176
802
2076
1207
2930
3531
2558
2723
151
2292
714
2591
544
639
2745
3337
4033
3360
423
2958
3219
659
797
4061
3249
2008
99
2898
2496
3503
1871
2046
3781
755
976
2163
1940
2825
2120
2893
537
1701
2897
3672
2222
2135
2599
3558
705
2362
3468
2648
3544
3142
2647
1828
1778
277
3795
1033
3431
1731
763
835
3264
1653
2607
2732
